3.60
3.75
3.90
4.10
4.30
4.30
4.30
2.65
1.00
2.75
4.50
3.05
1.60
3.20
4.80
3.50
2.20
2.80
3.40
4.15
4.90
5.05
5.20
5.35
5.50
5.80
6.10
6.00
5.90
5.95
9.22
8.64
8.06
7.42
6.78
6.78
6.78
9.89
13.00
8.29
3.58
7.29
11.00
7.63
4.25
6.63
9.00
8.45
7.90
7.55
7.20
5.38
3.56
4.88
6.20
4.95
3.70
3.35
3.00
2.50
9.00
9.50
10.00
10.50
11.00
11.00
11.00
9.00
7.00
9.50
12.00
9.00
6.00
9.50
13.00
9.00
5.00
4.50
4.00
3.50
3.00
8.50
14.00
8.00
2.00
1.50
1.00
8.00
15.00
15.50
17.00
18.50
20.00
22.00
24.00
24.00
24.00
25.50
27.00
28.50
30.00
32.50
35.00
38.50
42.00
44.00
46.00
47.50
49.00
50.50
52.00
54.00
56.00
59.50
63.00
66.50
70.00
71.50
73.00
81.00
